---
generation: 28
last_run_time: 1460064455.97823
tests:
  t/always_passes.t:
    elapsed: 0.013070821762085
    gen: 28
    last_pass_time: 1460064455.97757
    last_result: 0
    last_run_time: 1460064455.97757
    last_todo: 0
    mtime: 1460063030
    seq: 47
    total_passes: 20
  t/can_fail.t:
    elapsed: 0.011850118637085
    gen: 28
    last_fail_time: 1460064438.28154
    last_pass_time: 1460064455.96075
    last_result: 0
    last_run_time: 1460064455.96075
    last_todo: 0
    mtime: 1460063030
    seq: 46
    total_failures: 12
    total_passes: 15
version: 1
...
