---
generation: 11
last_run_time: 1433294833.12894
tests:
  t/always_passes.t:
    elapsed: 0.0178999900817871
    gen: 11
    last_pass_time: 1433294833.12831
    last_result: 0
    last_run_time: 1433294833.12831
    last_todo: 0
    mtime: 1433294524
    seq: 22
    total_passes: 11
  t/can_fail.t:
    elapsed: 0.0176539421081543
    gen: 11
    last_fail_time: 1433294824.29294
    last_pass_time: 1433294833.10655
    last_result: 0
    last_run_time: 1433294833.10655
    last_todo: 0
    mtime: 1433294632
    seq: 21
    total_failures: 4
    total_passes: 7
version: 1
...
